scenes/rtg/rtg.pack

scenes/rtg/Asteroid1.001.object
37.508811950683594 -9.832066535949707 3.2249808311462402
0.0

scenes/rtg/Asteroid1.object
-3.704104423522949 -9.259404182434082 4.4534196853637695
0.0

scenes/rtg/LargePlatform.object
29.811445236206055 4.397666931152344 -3.5068979263305664
0.0

scenes/rtg/LargePlatform.001.object
29.811445236206055 4.397666931152344 -3.5068979263305664
0.0

scenes/rtg/LargePlatformBottom.object
30.300037384033203 2.2389938831329346 -3.2150187492370605
3.725290298461914e-09

scenes/rtg/SidePlatformRamp.object
42.40470504760742 6.9840312004089355 -4.402781009674072
0.0

scenes/rtg/SidePlatform.object
42.5395393371582 9.380054473876953 -12.07608699798584
0.0

scenes/rtg/SidePlatformBottom.object
42.5395393371582 4.932646751403809 -12.07608699798584
3.725290298461914e-09

scenes/rtg/Platform.object
1.175649642944336 2.389263391494751 -7.432758331298828
3.725290298461914e-09

scenes/rtg/PlatformBottom.object
1.175649642944336 2.398214817047119 -7.432753562927246
3.725290298461914e-09

scenes/rtg/MainLab.object
-3.6536922454833984 7.732930660247803 10.344135284423828
3.725290298461914e-09

scenes/rtg/MainLabAccessories.object
-2.7159786224365234 7.926792621612549 9.684181213378906
-1.862645504502325e-08

scenes/rtg/SideLab.object
-12.58620834350586 4.091644287109375 -7.2534685134887695
3.725290298461914e-09

scenes/rtg/SideLabAccessories.object
-11.986068725585938 5.404771327972412 -8.309468269348145
8.381903171539307e-08

scenes/rtg/Transport.object
11.154111862182617 3.6847660541534424 -10.006802558898926
3.725290298461914e-09

scenes/rtg/TransportAccesories.object
11.428766250610352 6.575973033905029 -10.46094799041748
1.6763806343078613e-08

scenes/rtg/TransportBottom.object
11.154111862182617 3.657099485397339 -10.006802558898926
3.725290298461914e-09

scenes/rtg/Tank.object
9.897855758666992 5.860011577606201 -0.9013395309448242
3.725290298461914e-09

scenes/rtg/TankAccessories.object
9.897850036621094 10.292766571044922 -2.7025880813598633
4.097820038850841e-08

scenes/rtg/Bridge.object
16.550752639770508 4.373722076416016 -9.124396324157715
-1.5707974433898926

scenes/rtg/Bridge.object
5.758075714111328 4.387289524078369 -10.863229751586914
1.570794939994812

scenes/rtg/Bridge.object
1.1677398681640625 4.387289524078369 -0.3291196823120117
-1.082196831703186e-06

scenes/rtg/Bridge.object
-3.471651077270508 4.387289524078369 -10.841054916381836
-1.5707974433898926

scenes/rtg/Character.object
41.575592041015625 10.742520332336426 -13.787626266479492
3.4616599082946777

scenes/rtg/Character.object
43.351173400878906 10.747208595275879 -14.038238525390625
2.788876533508301

scenes/rtg/Ship.object
29.705474853515625 6.39754581451416 -1.8345352411270142
2.454836845397949

